19
4
-42.200461, -29.825073
-41.186636, -34.314869
-31.555300, -32.390671
-31.048387, -28.542274
0
4
-31.555300, -31.749271
-19.896313, -33.032070
-19.135945, -29.183673
-30.288018, -28.221574
0
4
-17.108295, -16.676385
-15.080645, -20.845481
-1.900922, -20.845481
-1.900922, -15.393586
0
4
5.956221, -16.034985
5.956221, -29.183673
12.799539, -29.183673
11.785714, -14.752187
0
4
6.209677, -38.483965
6.463134, -49.708455
14.573733, -50.349854
13.559908, -39.125364
0
4
23.191244, -24.373178
22.684332, -30.466472
34.850230, -30.787172
34.596774, -25.976676
0
4
36.624424, -9.941691
36.624424, -15.393586
50.311060, -15.072886
50.057604, -10.583090
0
4
5.702765, -0.962099
5.956221, -16.997085
11.532258, -15.393586
11.025346, -2.565598
0
4
5.956221, 9.300292
5.956221, -2.244898
11.025346, -1.603499
11.025346, 8.658892
0
4
20.403226, 7.696793
20.403226, 2.565598
31.048387, 2.244898
30.288018, 7.376093
0
4
-15.587558, 17.638484
-14.827189, 13.469388
1.900922, 11.545190
1.647465, 17.959184
0
4
31.301843, 29.504373
31.048387, 24.373178
50.311060, 23.731778
49.804147, 27.580175
0
4
8.744240, 48.746356
7.730415, 31.107872
12.799539, 29.825073
15.080645, 49.067055
0
4
-50.057604, 35.276968
-36.877880, 35.276968
-38.145161, 27.580175
-49.297235, 28.542274
0
4
-24.458525, 49.387755
-23.444700, 28.221574
-13.813364, 28.862974
-15.587558, 49.067055
0
4
-31.555300, 14.110787
-32.315668, -10.903790
-25.472350, -9.941691
-25.472350, 13.469388
0
4
-13.559908, 33.673469
-5.449309, 35.276968
-3.421659, 17.317784
-10.518433, 17.638484
0
4
-14.573733, 6.093294
-13.559908, -8.017493
-7.223502, -3.848397
-8.997696, 2.886297
0
4
11.278802, 9.300292
14.066820, 6.413994
35.034562, 20.959184
35.288018, 30.411079
0
