26
4
-50.057604, 35.276968
-40.172811, 35.918367
-40.679724, 28.221574
-49.804147, 27.580175
1
4
-40.679724, 35.276968
-40.679724, 29.183673
-30.034562, 27.900875
-30.034562, 35.597668
1
4
-30.794931, 34.635569
-30.034562, 28.221574
-19.389401, 28.862974
-20.403226, 35.918367
1
4
-19.896313, 34.956268
-20.149770, 28.862974
-7.983871, 28.542274
-8.490783, 34.956268
1
4
-8.744240, 34.635569
-8.490783, 28.542274
5.195853, 29.183673
4.942396, 34.956268
1
4
3.675115, 35.276968
3.168203, 30.145773
11.785714, 30.145773
12.546083, 34.635569
1
4
12.546083, 35.276968
13.052995, 30.145773
25.725806, 30.145773
25.218894, 34.635569
1
4
39.158986, 34.635569
38.905530, 28.862974
49.043779, 29.825073
49.043779, 34.956268
1
4
-32.315668, 16.034985
-32.062212, 11.865889
-19.642857, 12.827988
-19.135945, 17.317784
1
4
-19.896313, 16.034985
-18.122120, 12.186589
-6.463134, 12.507289
-6.716590, 16.676385
1
4
-7.476959, 16.676385
-8.744240, 12.827988
1.140553, 12.186589
1.140553, 16.355685
1
4
1.140553, 17.959184
0.380184, 12.507289
11.785714, 12.186589
11.785714, 16.997085
1
4
12.039171, 16.355685
11.278802, 13.469388
21.923963, 11.545190
21.923963, 16.676385
1
4
21.163594, 16.676385
21.163594, 11.545190
30.541475, 10.583090
31.555300, 16.997085
1
4
31.301843, 16.676385
31.808756, 11.224490
42.453917, 10.903790
42.453917, 17.638484
1
4
40.933180, 17.959184
40.933180, 12.186589
50.057604, 11.545190
50.311060, 17.317784
1
4
-49.804147, 4.169096
-50.057604, -2.244898
-42.960829, -5.131195
-42.960829, 3.527697
1
4
-43.974654, -0.962099
-42.707373, -6.413994
-28.513825, -5.772595
-29.274194, -1.603499
1
4
-28.006912, -1.924198
-29.274194, -8.658892
-10.771889, -8.658892
-12.292627, -3.848397
1
4
49.804147, -2.886297
50.057604, -9.300292
35.864055, -9.300292
36.624424, -1.603499
1
4
29.274194, -1.282799
29.781106, -10.262391
38.145161, -10.262391
37.638249, 1.603499
1
4
18.629032, -4.810496
17.868664, -12.827988
31.555300, -8.338192
30.288018, -4.169096
1
4
10.011521, -29.183673
10.518433, -38.163265
26.232719, -37.201166
23.444700, -28.221574
1
4
14.827189, -16.355685
16.347926, -32.390671
23.698157, -30.787172
23.444700, -9.941691
1
4
-13.813364, -3.206997
-14.320276, -9.620991
-1.394009, -10.903790
-1.647465, -4.169096
1
4
6.970046, 8.658892
19.135945, -8.338192
23.698157, -0.641399
7.730415, 13.790087
1
