50
6
48.481723, -36.797186
44.223872, -31.017653
38.001375, -36.181981
43.342255, -43.525512
50.416232, -43.631326
49.162058, -38.067883
15.088492, 4.770086
4
39.157222, 15.753875
31.196149, 2.715977
35.198590, 3.350594
41.695427, 9.363335
3.130037, 5.658470
9
38.793365, 40.718906
44.329243, 42.059851
37.561901, 45.492493
26.711078, 43.993538
25.651464, 35.059380
25.613259, 35.022559
33.294188, 30.676024
40.335325, 30.733218
37.892308, 35.698306
3.761841, 2.757031
8
-28.973930, 32.574106
-29.266678, 30.880735
-28.889278, 28.531771
-34.627375, 22.865087
-28.261897, 19.580293
-23.602141, 18.091200
-23.714391, 18.648026
-23.033364, 17.743996
19.834074, 8.041763
4
-12.374750, -56.214237
3.400535, -57.455686
3.083003, -45.141067
17.309882, -45.922959
4.154612, 3.754269
3
20.888349, 31.102146
15.434282, 22.251100
29.373606, 16.731045
7.130072, 6.371215
7
38.356158, 25.972864
36.452536, 31.423467
26.286188, 28.308015
26.508519, 26.468040
29.098446, 19.781350
30.844382, 18.669708
32.063603, 19.677891
18.549760, 2.410510
4
39.982172, -31.372329
28.453177, -26.335081
25.817921, -33.354842
40.496170, -33.271947
18.722404, 7.465510
6
45.604159, -34.785492
30.725487, -60.469363
44.961451, -60.524325
46.931190, -58.133312
49.052240, -59.048196
57.572582, -55.532831
16.598283, 4.323700
9
19.376337, 55.253965
14.377651, 58.816728
11.517336, 55.690896
5.642390, 53.407650
3.220312, 50.384296
3.978901, 43.713619
7.201835, 40.620851
14.473480, 39.989332
14.684861, 43.027535
8.586050, 9.650757
8
-14.638672, 16.861328
-12.223665, 18.683394
-27.603588, 12.215942
-32.969932, 10.784956
-28.263248, 8.574129
-15.581008, 6.204603
-12.050580, 5.190727
-16.501685, 10.862275
6.077032, 5.866357
8
49.407736, -26.119610
41.662019, -27.050386
42.604852, -29.741578
42.724234, -41.732188
46.222872, -42.257679
53.216644, -39.489166
56.674872, -35.488554
58.104343, -35.655165
3.974735, 5.162930
5
30.475226, 43.503364
31.032697, 52.416905
3.226177, 28.529321
6.635320, 26.855633
30.262767, 39.717512
5.197886, 9.695950
3
25.484345, 4.247801
17.495675, 5.844902
25.262126, -2.684329
4.568646, 7.215977
4
-23.718151, 38.699776
-26.540500, 34.423764
-21.612897, 32.490278
-21.538150, 36.687400
9.324037, 4.605226
4
16.989681, 12.352796
3.484961, 11.828262
-1.775831, 9.465942
0.132718, 4.617187
11.022807, 8.443235
9
-35.332586, -24.353049
-42.809079, -21.973245
-51.512528, -16.388179
-53.768615, -25.228145
-59.354061, -24.255126
-46.811786, -28.118628
-45.587486, -42.133562
-41.723606, -39.924721
-33.778804, -30.965008
13.010153, 7.813036
9
-44.182109, -18.962549
-43.699589, -18.348384
-47.303078, -17.894313
-52.693014, -22.876876
-52.065978, -24.652128
-52.212108, -25.676373
-46.818857, -24.476450
-47.326952, -21.979384
-47.188965, -21.256218
12.589010, 8.369433
5
56.848628, 8.083778
46.909868, 10.070855
45.619501, -3.895534
56.825153, -5.246503
57.727092, -1.876750
5.416630, 3.822486
8
30.754593, 15.000761
30.124596, 16.160960
23.485596, 10.425312
24.213653, 9.881232
27.324579, 8.140778
24.883267, 3.513160
31.098508, 3.684951
33.206716, 3.763580
3.818057, 3.165857
3
19.249694, 22.891226
26.544277, 13.933384
38.770859, 19.003178
19.519150, 2.291404
9
-12.268201, -17.918040
-8.759253, -13.678757
-14.370917, -17.543853
-22.494746, -19.065181
-18.496321, -21.963163
-20.314719, -25.117878
-15.064445, -23.735708
-7.464110, -23.615655
-5.227111, -23.922133
0.955746, 2.431821
7
12.210807, -37.505098
12.232628, -37.477979
11.300160, -37.654174
13.092358, -34.886762
6.588183, -41.589929
10.963146, -43.009744
11.089693, -42.699709
10.325411, 4.611105
3
-27.950786, -40.859388
-23.425377, -50.714713
-27.316360, -49.511722
15.090733, 6.464944
4
25.089377, 48.169173
16.075519, 46.001512
24.575926, 33.984142
30.659546, 37.679803
18.553454, 2.548659
7
-24.486006, 18.013823
-28.764193, 22.228422
-38.776926, 13.490982
-35.069062, 9.622085
-32.588740, 9.527724
-27.487003, 6.238992
-26.949769, 4.914831
10.196789, 9.793532
3
-21.173410, -8.123429
-24.698746, -7.947784
-21.758898, -14.416013
6.129936, 2.844489
4
-21.712993, -46.463314
-35.532392, -45.012709
-46.534858, -53.919724
-25.908868, -58.956122
18.357602, 3.098429
5
-30.321248, 17.737023
-40.689904, 8.028950
-34.968726, 7.225532
-37.985870, 3.307957
-21.414795, 6.754271
6.930040, 2.666528
5
31.159964, 9.568581
24.544930, 3.967308
27.975288, -8.818897
27.659288, -5.827436
27.980540, -5.958229
12.128844, 8.083490
5
-38.676562, 29.132356
-49.775023, 37.941798
-44.127050, 26.088286
-34.562505, 10.360336
-33.371462, 10.478667
8.743449, 5.038711
5
-5.745854, -21.727955
-12.147522, -18.937194
-8.905297, -27.451495
-14.433786, -17.993446
-1.504676, -37.814194
9.234757, 2.243112
7
-33.729644, 24.405183
-42.292738, 25.600603
-39.656865, 18.760305
-36.236348, 15.097015
-38.534768, 14.140483
-20.472259, 6.973234
-20.118171, 12.007676
3.636802, 8.850009
5
-17.576010, -23.239738
-32.479546, -26.033847
-40.457771, -29.876056
-28.166540, -34.243863
-21.672342, -36.882346
10.860900, 3.298598
8
30.965840, -6.219629
27.090547, -6.707949
26.436818, -5.715132
22.214243, -8.826371
22.835731, -10.070687
25.878203, -12.334754
26.664150, -11.490622
29.355261, -9.544429
12.224743, 8.846175
6
-30.127009, 29.606719
-20.624035, 20.167924
-19.656758, 19.698341
-16.724607, 17.511571
-13.930728, 15.829496
-18.009210, 19.546476
8.481696, 4.728520
9
-14.312748, -9.302716
-27.033614, -5.416482
-22.983065, -13.672089
-26.756068, -14.062895
-28.911581, -16.621199
-27.130581, -23.431565
-24.263369, -27.774214
-14.568736, -23.234319
-14.640704, -22.895651
14.923699, 5.743284
6
13.587854, 4.951646
14.184955, 7.311584
2.042198, 15.947176
0.517172, 5.400427
7.062917, -9.846831
13.362403, -12.700819
12.895881, 9.171278
3
3.043417, -28.499955
5.999792, -31.922835
11.342083, -32.861014
8.579207, 2.081420
9
-29.661478, -45.835692
-30.919801, -39.927539
-33.231213, -37.652458
-40.276566, -37.139245
-43.629127, -42.217190
-50.658815, -53.228175
-37.698715, -52.819912
-32.153211, -54.250290
-30.572719, -55.018272
1.687409, 9.776713
8
36.343213, -44.121985
31.651022, -41.029530
29.900393, -46.102959
29.233027, -48.224845
34.737702, -49.602347
34.825427, -48.942274
34.610707, -47.819815
36.165844, -45.982174
17.731276, 5.574407
3
30.050766, -48.138934
41.817583, -51.540983
47.675837, -55.756886
16.627195, 2.278671
9
-4.372723, 15.549510
-8.483713, 18.545097
-13.717930, 23.153897
-17.294085, 22.454568
-19.445828, 19.467968
-24.807219, 18.749406
-27.591006, 7.056028
-16.955968, 6.542932
-12.700132, 0.807833
8.861322, 5.466362
4
4.689244, -25.835520
8.752319, -29.162756
10.325573, -28.898387
18.627207, -25.624435
1.192832, 4.149699
8
12.036499, 20.824821
1.701888, 35.822193
-8.791447, 29.042174
-12.284082, 27.293783
-15.810225, 30.166600
-19.553037, 27.917644
-16.580597, 20.569954
16.364192, 15.210139
14.780437, 6.539440
8
61.735879, 16.111165
63.102738, 21.383065
49.538843, 20.021797
36.564197, 23.506232
35.786044, 16.471878
26.783498, 17.477809
31.274348, 10.568003
54.330103, 9.461729
2.652295, 6.360039
8
47.424896, -22.227112
41.982021, -21.405376
35.581621, -18.652536
21.147086, -27.636444
27.404856, -31.327781
37.259830, -34.600772
44.821206, -41.123068
44.265074, -37.593244
5.306035, 8.918421
6
25.499383, -14.573260
21.238868, -10.729229
19.125539, -13.887175
19.386415, -16.585251
23.025564, -20.567462
25.421312, -18.607236
17.970950, 9.477674
7
36.946060, 40.314917
32.843348, 43.673724
24.982420, 44.437714
21.734950, 44.288925
21.312079, 43.335272
13.279485, 39.454717
27.180378, 34.621060
8.860332, 9.191518
3
9.664582, 38.245783
12.462404, 44.418146
2.869267, 43.172439
13.364986, 7.593969
